 36476
 20656
  7187
 36018
   797
 20753
 56199
 57138
 15567
 21647
 45891
 46472
 16168
 49359
  9557
  2274
 24561
  7270
 35974
 47359
 37069
 43790
  5537
  8021
 14145
 55630
 57464
 42956
 49961
 24211
 12955
 21798
 36941
  1964
  5445
 51648
 52618
 10263
 13811
 53075
 24497
 10150
 10494
 22342
 57522
 11115
 12346
 14182
 19360
 10897
 30653
  2605
 32879
 50317
 56754
 64087
  7811
 34455
 15279
 40118
 51923
 59271
 33834
 27878
 53744
 56966
  5254
 59846
 16399
  2090
 51538
 23007
 22432
 64235
 39491
 40583
 28081
 35937
  7908
 14042
  1878
 32434
 50983
 10909
 13744
 23721
 25953
 12604
  9926
 56030
 18591
 56264
 55421
 55697
 21017
 49098
  9620
 18425
 49683
 30251
 10262
 63548
 20501
 27445
  2408
 10563
 51646
 51426
 23514
 12100
 46628
 27228
 50168
 40070
 48025
 51064
  4230
 62899
  9752
 44850
 24188
 16658
 29546
 63599
  1149
 42987
 34494
 21711
 25233
 59904
 48267
 43566
 43795
 32192
  8988
 56526
 41897
 28010
 55940
 38805
 53884
 40235
 36520
 50579
 64751
 10940
 26864
 64604
  4858
 59210
